[[[  3.29999998e-02  -4.51000005e-01   2.88400006e+00 ...,   6.93431914e-01
     5.09707153e-01   9.92088079e-01]
  [  2.46999994e-01  -5.90000004e-02   2.80000009e-02 ...,   7.30226934e-01
     6.38696969e-01   9.63192340e-03]
  [ -3.98000002e-01  -6.70000017e-02   2.50000004e-02 ...,   6.19325995e-01
     6.36064470e-01   8.59993137e-03]
  ..., 
  [ -2.68000007e-01   4.33999985e-01   2.60000005e-02 ...,   6.41678154e-01
     8.00921381e-01   8.94392841e-03]
  [  3.93000007e-01   3.38000000e-01   2.70000007e-02 ...,   7.55330145e-01
     7.69331992e-01   9.28792544e-03]
  [  2.89999992e-01  -2.93000013e-01   7.04999983e-01 ...,   7.37620354e-01
     5.61697900e-01   2.42518052e-01]]

 [[ -4.37000006e-01   1.28999993e-01   3.88000011e-01 ...,   6.12620354e-01
     8.65087211e-01   1.33470938e-01]
  [  4.05999988e-01   4.56000000e-01   7.63999999e-01 ...,   7.57565320e-01
     9.72688377e-01   2.62813896e-01]
  [ -3.74000013e-01   4.51000005e-01   1.84599996e+00 ...,   6.23452544e-01
     9.71043110e-01   6.35018945e-01]
  ..., 
  [ -2.03999996e-01   4.55000013e-01   9.15000021e-01 ...,   6.52682245e-01
     9.72359300e-01   3.14757496e-01]
  [  1.66999996e-01   4.39999998e-01   2.64599991e+00 ...,   7.16471791e-01
     9.67423499e-01   9.10216689e-01]
  [ -3.68000001e-01  -3.52999985e-01   2.75099993e+00 ...,   6.24484181e-01
     7.06482410e-01   9.46336448e-01]]

 [[  1.28999993e-01  -5.29999994e-02   7.91000009e-01 ...,   7.09938109e-01
     9.69726861e-01   2.72101820e-01]
  [ -4.58999991e-01  -2.30000004e-01   2.37700009e+00 ...,   6.08837664e-01
     9.11484063e-01   8.17681432e-01]
  [  4.63000000e-01  -7.90000036e-02   2.29699993e+00 ...,   7.67365873e-01
     9.61171448e-01   7.90161669e-01]
  ..., 
  [ -2.13000000e-01  -1.23999998e-01   3.98000002e-01 ...,   6.51134789e-01
     9.46363926e-01   1.36910900e-01]
  [ -3.70999992e-01  -5.09999990e-02   2.07699990e+00 ...,   6.23968363e-01
     9.70385015e-01   7.14482307e-01]
  [  2.32999995e-01  -1.74999997e-01   3.60000014e-01 ...,   7.27819800e-01
     9.29582119e-01   1.23839006e-01]]

 ..., 
 [[  1.14000000e-01  -4.69000012e-01   1.40000004e-02 ...,   9.13549066e-01
     3.85708928e-01   5.40958252e-03]
  [  3.35999995e-01  -4.37000006e-01   1.70000009e-02 ...,   9.69666302e-01
     3.97680521e-01   6.56877877e-03]
  [  3.72999996e-01  -1.81999996e-01   1.41700006e+00 ...,   9.79019225e-01
     4.93078947e-01   5.47527075e-01]
  ..., 
  [ -4.63999987e-01  -4.19999994e-02   1.30000003e-02 ...,   7.67441869e-01
     5.45454562e-01   5.02318377e-03]
  [  3.70999992e-01  -2.38999993e-01   7.36000001e-01 ...,   9.78513658e-01
     4.71754581e-01   2.84389496e-01]
  [  3.75000000e-01   2.50000004e-02   1.05499995e+00 ...,   9.79524791e-01
     5.70520043e-01   4.07650709e-01]]

 [[  3.77999991e-01   9.39999968e-02   1.53900003e+00 ...,   9.80283141e-01
     7.83389449e-01   5.94667673e-01]
  [ -4.02000010e-01   2.17999995e-01   2.18099999e+00 ...,   7.83114254e-01
     8.29779267e-01   8.42735708e-01]
  [ -4.28000003e-01   2.89000005e-01   2.18199992e+00 ...,   7.76541948e-01
     8.56341183e-01   8.43122125e-01]
  ..., 
  [ -1.74999997e-01  -3.44999999e-01   2.57299995e+00 ...,   8.40495467e-01
     6.19154513e-01   9.94204044e-01]
  [  3.75000000e-01  -1.80000007e-01   6.49999976e-02 ...,   9.79524791e-01
     6.80882931e-01   2.51159202e-02]
  [  3.77000004e-01  -3.65000010e-01   7.59000003e-01 ...,   9.80030358e-01
     6.11672282e-01   2.93276668e-01]]

 [[  3.70000005e-01  -1.07000001e-01   2.01099992e+00 ...,   9.78513658e-01
     8.95248771e-01   7.77047932e-01]
  [ -9.49999988e-02  -8.60000029e-02   2.23000005e-01 ...,   8.60970676e-01
     9.03105140e-01   8.61669257e-02]
  [  1.34000003e-01  -2.00000009e-03   2.18600011e+00 ...,   9.18857455e-01
     9.34530497e-01   8.44667673e-01]
  ..., 
  [  2.44000003e-01  -3.75000000e-01   6.58999979e-01 ...,   9.46663320e-01
     7.94986904e-01   2.54636794e-01]
  [  3.67000014e-01   1.45999998e-01   2.11999989e+00 ...,   9.77755308e-01
     9.89898980e-01   8.19165349e-01]
  [ -2.09999993e-01   1.58999994e-01   1.73199999e+00 ...,   8.31900895e-01
     9.94762421e-01   6.69242680e-01]]]
